   32538.496445   32030.059572   29919.584826   29844.292825   29734.738609   29518.611164   29260.996643   29204.768639   28381.267067   28199.514084   28191.324534   27804.665059   27274.428663   25892.703574   23690.152043   23149.741020   22587.807703   20568.022645   19852.911161   18954.011933   18946.653432   18928.683126   18505.002319   18046.592822   17748.133824   17565.144383   16566.401807   16503.950713   16289.600238   16166.743492   14905.427961   14495.759545   14337.486007   13496.613361   13455.922666   13390.170629   13013.128788   11987.753655   11148.855770   10937.828547   10140.015656    9942.943358    8677.394818    7992.280496    7975.272347    7432.267556    7279.375561    7145.170263    6788.005799    6349.509201    6161.448317    4159.846736    3911.266457    3768.084262    2664.567217    2243.545671    2195.756432    1914.355174    1002.651997     407.525407

    2080.719047    3894.712363    8171.325053   11095.625050   14142.428816   26637.168096

   32687.162847   32526.194037   31814.676046   31499.429548   31118.674154   30740.816797   30406.143529   30399.435865   29546.760247   29109.095859   28866.406293   28859.991119   28837.027894   28001.384991   27767.544725   27554.450423   26242.730033   25806.065889   25779.999786   25585.562456   25326.123722   25131.129673   24767.742485   24577.773247   24498.104190   24219.438429   23814.426222   23769.918577   23486.518387   22901.203192   22860.451460   22422.395703   22287.586444   21733.037782   20684.488174   20026.225593   19858.726005   18625.319468   17575.588183   17024.621479   16564.724540   15937.879788   15782.936705   15644.160405   14450.119816   14391.974609   14330.128666   13877.489395   13648.578021   13020.155370   12973.942869   12679.945982   12621.484787   11724.156438   11371.438856   11176.844295   10555.456709   10549.046754   10305.735557   10235.500381    9059.874630    8648.702567    8612.004547    8278.884793    8027.118168    6581.537584    6280.570177    4830.324656    4590.451643    4274.573351    3948.270943    2692.093295    2668.119480    2468.805292    2213.763878    2194.499435    1566.330729    1450.599200    1332.445265    1123.696615     642.028626

     202.928343     316.631062    2731.748466    3341.694815    5193.074709    5489.150273    5593.683126    5716.508683    5898.136143    7137.303751    7507.224433    7771.433912    7893.910123    8818.266274    9272.203162    9296.404462    9448.749504   10169.710593   10292.260353   10293.305338   10938.549242   11101.372356   11272.863613   12233.937040   12268.593829   12638.814936   12806.701895   12865.589404   13540.099246   13661.849300   14692.217597   15606.868557   15751.208289   16657.660085   17243.754295   17258.673025   17400.668508   18957.533311   19014.555895   19318.029054   19540.420881   19659.502915   19672.794763   20082.559191   20388.146947   20933.634449   20982.578112   21326.877682   21642.466475   21995.557939   22538.676168   22700.137242   23028.768059   23290.326731   24046.428755   24050.750633   24191.645161   24452.108005   24781.290628   25082.501175   26024.825129   26224.448073   26411.420331   26872.256203   26934.109470   27385.899106   27951.549364   28456.797357   29889.321207   31420.306436   31520.122990   31584.519456   31656.327769   31888.649678   32558.773888

   32569.047731   32289.610675   31716.811029   31271.676962   31208.126133   31026.525925   30891.018220   30624.336863   30480.803034   30431.084994   30309.371380   30258.405713   29649.682455   28954.401868   28456.976745   28425.576312   28099.891171   27764.670614   27451.920225   27311.090701   26950.218970   25939.782647   25929.116367   25290.596179   24902.836543   24520.170995   23948.957305   23695.789911   22451.928404   22123.164800   22080.052156   21885.942076   21875.246986   21503.934721   21491.035463   21414.705435   21242.960570   20786.217627   20612.685080   20023.751823   19824.385998   19047.411512   18996.867885   18863.500717   18200.544572   17783.147496   17746.305002   17497.124454   17203.270302   17050.178716   16616.668050   16402.954863   15856.963103   15798.788415   15753.273385   15559.498062   14576.191168   13812.262947   13741.706381   12817.113529   12195.314920   11427.487686   11198.490493   10508.545732    9956.245796    9422.146245    9024.736442    8494.340159    8384.061495    8306.213324    8256.453291    7898.561052    7728.712638    6799.558214    6575.012574    5660.136418    5654.628132    5519.987335    4604.565386    4564.195288    4194.466384    3124.961272    3042.735801    2680.470656    2604.982818    2331.617817    1798.510025    1735.868099    1597.974364    1023.689505     853.207556     347.220618     214.209754

     718.090335    3217.547929    4514.486312    6107.129429    7388.324931    7472.226112    7640.331126    8081.723502    8587.007416    9580.250862   11317.132572   13641.893704   15411.899686   16156.500870   18495.284371   19570.455855   19853.153813   21232.706076   23133.609638   23515.436415   23953.231697   24298.095218   24676.908322   26176.760979   27763.647847   29320.511460   30616.081790   32206.361919

   32732.730125   32650.514969   32130.842769   31942.418531   30315.674673   29976.801965   29598.729881   29522.624134   29394.867061   29246.608814   28862.243599   28370.385449   27409.988159   27231.823176   26473.053072   26449.218574   26211.722617   26042.645039   23535.022401   22950.996216   22612.202826   21964.380413   21479.838649   21251.487625   20818.198218   20812.734886   19479.788690   19129.321421   19051.725974   18998.545335   18136.873226   17640.710410   17398.418409   16492.961974   15796.357128   15672.611011   15450.093356   15267.422956   15136.432020   14670.907987   14535.078188   14020.079775   13355.226600   13343.939573   13255.083224   12974.599750   12945.334941   12747.669362   11947.930326   11409.502762   11027.926084   10860.763665   10834.765831   10688.688040   10435.661000   10176.878475    9868.800531    9425.404828    9410.304483    9409.468764    9336.229377    9223.674703    8464.268654    8448.264107    8309.789453    7814.976867    6654.120060    6645.854732    6516.879635    6157.618488    5641.147343    5375.728690    4927.425886    4899.846309    4853.772210    3637.011444    3611.056520    3492.237495    3474.071322    3382.251564    2772.448164    2652.875271    1838.625568    1531.995117     340.333110

    2906.886441    7780.371227    7848.512040   23484.021699   26875.481033

   32451.817194   32187.315317   32073.493637   32021.239021   31799.996185   31140.028413   30586.201147   29174.886166   29159.453322   28512.648061   28444.537431   28164.022736   28161.573840   27582.193457   27352.837062   26920.890713   25668.202979   25507.970977   25255.192785   24507.415998   24477.361797   24007.568072   23953.090121   23840.205756   23730.549486   23469.428816   22166.274178   20798.489273   20743.645894   20250.702689   19977.727592   19968.710013   19914.027619   19713.507340   18516.683767   18148.110965   17658.222053   17410.916105   17384.416944   16072.418653   15421.959075   13888.058931   13582.518967   13295.707114   12991.500870   12896.901120   12847.678945   12140.048891   11885.688345   10636.456832   10599.471603   10292.392438   10226.867794   10099.326762   10007.432447    9921.627033    9790.943113    9618.024567    9304.162328    9067.151799    8150.962951    7289.709128    2806.139988    2727.835536    2565.440138    2432.940641    1907.740684    1840.248085    1728.748772    1518.127415    1361.285775    1097.191900     812.238472

     445.649007     679.355174    1662.691061    2531.884671    3599.338084    4890.062899    5242.771722    5414.103580    9953.726646   10257.162206   10727.827754   11569.742821   12328.592120   13050.121189   13888.013428   14197.010437   14851.007202   14895.980743   15723.544328   16435.533158   17542.847713   17598.056551   18112.218421   18310.339030   24221.960112   24447.935179   24665.069826   24748.660298   25210.043794   26734.429792   27395.853114   27404.255287   27832.349101   28246.682943   28730.276345   29983.418958   31668.860958   32082.832392   32263.958251

   32626.480911   32423.021912   32112.932157   31649.065401   31622.994964   31201.385571   30994.962188   30779.951140   30398.856868   29961.554064   29906.801843   29414.824030   29255.228828   29174.258461   28970.639088   28967.559191   28084.887570   27668.333171   26688.027802   26359.402692   26260.700980   25646.399792   25221.946837   24702.662160   24293.964141   24096.782800   23679.712851   23315.398480   22970.149174   22517.098148   22072.430036   22071.818476   22016.268349   21752.504715   21423.427656   21248.334117   21243.319102   21188.386761   21138.776666   20459.075106   20428.499619   20085.601520   19662.944029   19322.480575   18851.982513   18804.042848   17931.223426   17432.705008   17016.333018   16642.232765   16342.079440   16246.951842   16154.306833   15924.685507   15817.133580   15737.484787   14825.421033   14024.992615   13747.396222   12799.220069   12556.437178   12070.115513   11962.524277   11953.129887   11700.779290   11618.489303   10649.310465   10398.883419   10361.800989   10222.635975    9847.128880    9687.348613    9393.207465    8480.840968    8467.923612    8331.092135    7908.017640    7829.624287    7821.367565    7695.993072    7543.436323    7122.873104    6646.628864    6206.194220    4533.959075    3331.799127    2685.912564    2318.311655    2050.019532    1990.070223     891.428602     193.989410

     471.735008     693.131413    1455.144871    3042.109073    4086.643147    4194.226295    4332.487106    4582.367260    4764.811914    5104.693197    5976.277108    6240.853664    6527.510514    8068.281564    8144.341014    8726.670461    8859.564592    9237.173589   10717.106571   11018.505356   11083.333934   12240.818659   12364.741386   12561.018220   13372.918790   13441.352153   13773.347056   15808.392499   16929.926664   17074.624073   17127.913205   18831.584338   19191.228614   19874.295236   19999.616474   22050.902799   22401.142369   22466.677450   22509.609241   22719.476638   23537.291177   23730.658803   23879.217414   23944.430586   24391.846797   24812.186865   25370.612262   25584.979797   26159.925596   26585.452589   27203.703024   27477.356792   28389.533616   28452.567095   29124.458663   29387.881130   30868.903623   31008.634571   31621.653768   31671.326853   31925.839717   32302.316782   32328.930235   32682.916471   32692.613727   32723.465224

   32639.312449   31749.534837   31276.202429   30184.427534   29729.079684   29140.894467   29002.821680   27941.553209   26673.735557   26541.652852   25413.453963   24967.997894   24711.054079   24119.730674   23409.366558   23098.258889   22281.657430   22071.131535   21855.598132   21542.951659   20580.391278   20549.919431   19946.806055   19331.197363   16900.336558   15624.347850   15102.886624   15055.018494   14803.318430   13945.485763   13574.424482   13384.760918   12965.824030   12925.414869   11619.756676   10675.761864    9768.308573    9406.406323    9262.070345    9085.889523    8870.983306    8780.773034    8742.493271    8398.772088    7029.502640    6990.913175    6831.256508    5840.142033    5263.706626    5186.020783    5168.585009    5154.862880    5111.794641    5024.917142    4901.615223    4766.225166    4760.334971    4514.028291    1948.007508    1104.386853    1011.140080     959.206519     919.945799     211.245796

     130.469192     919.218116    1088.316813    1225.067843    1608.289865    1830.150395    1890.503464    2210.477950    2741.821039    2981.130741    3118.245064    3410.125889    4019.124882    4147.895077    4197.683645    4504.249886    4656.922666    4881.189581    5070.350108    5734.467605    6823.576922    7113.504196    7937.501083    8082.331828    8113.644917    8137.789941    8465.199194    8666.733665    9597.033509   10675.333445   10872.514481   11368.884213   11511.748833   11752.840968   11910.675344   12196.004639   12263.757164   12289.716208   13134.639607   14074.667348   14695.077761   14940.765740   15016.199866   15376.670675   15663.594745   15685.739738   16103.293069   16371.839625   17374.480422   17405.368206   17733.443007   17893.608966   18060.056490   18265.702414   18322.117771   18643.705252   18646.400678   18853.030152   19983.196692   20114.878536   20126.822657   22004.683340   22112.084872   22286.728568   22812.875332   22823.519395   23643.623798   23744.429060   23813.577532   23845.874264   24358.400189   24423.374584   24732.265877   24766.949858   25919.111789   26385.901151   27912.717368   28498.769494   29046.998627   29065.949858   29730.758507   30361.674123   30558.873623   30610.298257   30616.432600   31596.636921   32076.475387

   32726.319590   32672.958495   32469.191351   32133.636341   31394.591388   31359.018464   31182.738639   30577.844264   30433.807825   30395.479202   29920.613300   29830.773309   29103.660421   29068.683615   27185.047853   27144.930784   27142.708518   26901.757103   26366.882168   26131.303354   26052.336100   25371.865535   25230.206732   25005.988159   24460.200110   24310.027406   24025.067995   24006.398450   22116.498795   22068.617878   21873.485000   21551.056948   21399.804590   20182.762871   20158.275307   20137.433515   19865.800012   19630.838862   19562.769066   18775.274483   18513.915494   17945.458663   17355.956999   17251.848842   17161.284921   16973.505478   16776.911405   16562.112156   15890.063112   15476.271981   15323.445509   15271.064547   14990.990539   14679.937681   14261.790307   12880.211432   12485.075259   12475.098666   12246.573901   11666.674734   11458.204657   10881.346019   10863.460067   10336.242012   10008.163549    9945.921567    9940.974120    9567.565294    9437.521714    9395.680715    9121.886380    9110.526383    8544.052767    8199.504166    8182.230506    7648.327555    7347.798822    7118.047456    6005.720481    5776.347179    5135.794610    4528.272652    3871.114475    3699.972564    3408.874294    3010.214698    2759.074496    2569.210547    2459.035615    2250.011628    2224.730613    2004.922880     417.126469     195.023957

     495.709067     698.402722    1400.137181    1938.858547    2762.660451    3748.103427    4234.329051    4354.495895    4584.577960    4599.083743    5186.483871    5995.307535    6198.023713    7125.984008    7186.579791    7372.123081    7426.749687    7526.872341    7555.366619    7569.663656    7841.432081    8096.522996    8471.198706    8618.559557    9073.016022    9198.482559    9371.892117    9434.657857   10283.010102   11625.737144   12687.239570   12689.401379   12937.144963   13005.580584   13895.593219   15226.397961   15372.433454   16269.493789   16351.908597   16592.988281   17182.453932   17558.554918   18150.875790   18457.569079   18523.464553   18703.038942   20275.562731   21361.277474   21867.840022   22315.815760   22486.667501   23131.653554   23457.051515   23601.840754   23810.516221   23898.583819   24253.665517   24621.173528   24811.911771   24909.356548   24948.225074   25203.995483   25424.322703   25509.084628   25672.155950   25719.174017   25734.009217   25802.105228   25866.512558   26140.264595   26185.473983   27474.315928   27676.163640   28371.957244   28484.025788   28870.997284   28933.871090   29037.586962   29197.866634   29868.792016   31269.262612   31319.692740   31449.330393   32450.988891

   32386.257149   32303.283151   32296.244728   32037.394024   31281.703146   31202.262734   31128.579058   30849.200812   30047.997284   29245.083987   29090.873348   28976.869442   28378.279763   27848.215278   27639.933866   27284.026643   27041.597339   26879.051576   26579.954497   26475.540452   26396.993500   25977.932432   25724.293435   25668.245460   25593.226112   24912.226691   24726.124393   23974.709983   23196.722800   22701.640828   22646.563616   21914.497513   21829.768334   21550.873470   21033.145421   20535.690390   19982.039979   19889.862239   19733.909085   19528.219459   19371.826441   18534.905057   18354.540086   16700.803217   16586.381420   16476.146062   15945.944700   15739.464278   15580.438887   14502.559038   14373.291421   13747.483291   13691.327586   13337.729820   13278.374859   13081.562548   12859.224342   12447.041322   11702.523423   11630.486251   11123.660878   11071.050935   10177.484787    9801.347575    9745.818476    9276.050691    9262.757408    9072.137425    7542.352245    7497.899777    7293.980895    7124.852382    6968.841762    6347.344554    6062.872677    5970.713004    5951.200049    5879.556261    5259.596576    5116.342967    4905.757897    4753.914457    4297.130039    4178.643452    3637.353618    3621.344279    3270.368511    3245.279366    3165.736930    2926.502243    2894.631947    2049.568712    2046.550340    1914.729423    1554.799371    1283.097262    1198.666799      30.928129

    1207.823511    1858.011170    2231.663106    2999.214942    6031.487228    6187.884579    6464.399518    6768.475875    6995.103366    8543.060854    9900.025666   11577.731742   11913.104862   12080.148534   13443.924741   13533.601398   14077.123508   14336.066195   17482.245521   18715.878658   19236.225806   20307.871120   20606.992584   20802.986114   21809.275796   21943.043703   23530.419538   23680.681906   24257.964324   24818.439283   27437.817255   30450.511185   31368.942015   32656.564745

   30964.004395   29266.035493   27263.893704   25848.126957   25664.890957   20393.252632   14341.787774   14233.803858   14164.043428   11660.665426   11085.129948   10202.500351    9400.585711    7449.837855    5949.109531    5807.002991    5740.581042    5373.764031    5146.542741    3661.033876    3416.267586    2222.757775      75.884610

      38.815241     340.644612     572.310404     605.085665    1472.726981    1969.126530    2439.360637    2604.542039    3790.159246    4159.510392    4180.014344    4829.121342    4844.273904    5973.168615    6110.897458    6264.777001    6649.762688    6834.923368    7600.528001    7760.712516    7781.320841    7867.355968    8313.444563    8357.835688    9049.400464    9550.253975    9552.805750    9567.601215    9710.779992    9917.950285   10254.525224   10499.586962   10618.320902   11099.792077   11311.466811   11345.671010   11396.914487   11731.248878   11807.165075   11943.207495   11962.222877   12315.442671   12350.625416   12737.717612   13124.250435   13811.582690   14395.291208   14712.605640   15053.705771   15421.533525   16216.659505   16807.442732   16904.637349   18214.203894   18269.705985   18501.309305   18731.042146   18915.896542   19275.080203   19439.442274   20235.307230   20391.299631   20491.427808   20678.505814   21701.849940   22364.526872   22480.738243   22587.061861   22662.935057   23967.969543   23974.840968   24005.787225   24765.901791   24915.909452   24974.922666   25061.635578   25501.852138   25814.524979   26026.340800   26224.057802   26561.035798   26570.148717   26607.930784   27055.603351   27264.362041   27732.099887   28575.376507   29606.087191   29683.034852   29741.666097   29929.963866   30093.609180   30376.203314   30442.189398   30983.403546

   29119.571612   24422.083316   24072.261818   22820.552873   22466.016297   21627.641530   20389.883724   17136.387005   14006.791833   13855.000366   10093.937071    9429.141514    8916.930845    8916.116550    7701.043062    7642.774438    7480.627766    6308.615497    5761.813746

     266.557421    1050.567766    1195.748497    1476.249641    1641.563646    1702.457686    1828.275460    2458.709189    2887.836970    4146.912351    4321.489669    4695.316996    5011.663350    5510.897244    5776.947447    7696.316568    7837.758721    7866.465835    8179.640095    8599.966063    9207.434309    9307.636464    9433.812403    9454.421278   10033.731620   10132.676229   10905.258309   11019.816431   11020.234199   11027.502915   11235.884457   11641.919523   11710.179418   12060.220313   12102.047975   12839.609272   13305.540117   13314.182440   13473.392376   13760.759209   14611.134922   15005.066866   15282.659444   15642.444227   16287.161657   16694.643818   16722.072726   16739.258919   16926.757195   17359.976959   17431.874416   17445.243263   19072.584338   19918.544755   21133.142491   21177.302377   21606.836695   22451.661885   23295.516282   23346.894559   23353.488998   23662.279916   23841.759270   23928.781976   24011.509415   24478.027528   24621.423566   25930.120212   27382.396435   27626.172277   29079.537461   29080.618183   30384.712607   31066.876644   31753.940550   32116.709006   32553.737999

   32643.842433   32336.280526   32186.207495   31490.443037   30190.527482   29980.947111   29673.401013   29480.747887   28810.221259   28446.888455   28331.434828   27987.393841   27789.423841   27700.978851   27395.195227   27320.830592   27043.376720   26039.329234   25083.738182   24752.716819   24374.657247   23122.541490   23092.002075   22935.942442   22673.794885   22570.207739   22179.864528   22150.231025   21937.387707   21529.920042   21081.303842   20942.305155   20878.062593   20623.791314   20415.755028   20309.027131   19856.362102   19518.796716   19222.409192   18993.603412   18769.689749   16675.225135   15947.835994   15721.072878   14350.765038   14230.964110   13984.183111   13676.526902   13556.217536   13416.859157   13017.368206   12975.024598   12685.538255   12402.602283   12199.860714   10851.045351   10347.101901   10031.500656    9901.234993    9773.998657    9618.767449    9214.642994    8150.415601    7474.325541    7023.247200    6958.245277    6430.596637    6276.322916    6148.144017    6108.078097    6070.170690    5077.122532    4491.398297    3963.258461    3585.973693    2809.953459    2108.779565     422.541398     368.369335

     122.196661     354.504532     693.556749    2845.712882    3193.319468    3301.367534    3543.969237    4769.320719    5825.064882    6044.496506    6070.206549    6149.150548    6745.660909    7266.776788    7838.558397    8487.989227    8604.636097    8731.554857    8986.516739    9351.470870    9412.108402    9579.375317   10003.135044   10029.519364   10233.911893   10553.726279   10651.429334   10898.104343   11194.248817   11405.207099   11862.552721   12205.029237   12923.066530   13024.473067   14377.660939   15387.315531   16308.912595   16791.180670   16996.959746   17439.914274   18585.981567   18844.964782   18956.538865   19145.844264   20050.321757   20447.492111   20615.585437   20788.679189   21188.445387   21914.276528   22020.954619   22168.291604   22399.508438   23952.898953   24001.629078   24008.941465   24359.753227   24482.156987   24504.602588   24791.506638   24805.608081   24945.692007   25187.892148   25267.457503   28171.120853   28288.662252   28505.769280   29154.109867   29247.528886   29565.294839   29658.521775   29721.524796   30135.946471   30307.634205   30399.064913   30433.551653   30471.838618   30607.803949   30789.931730   31068.352306   32160.443617   32396.693564

   31752.632496   29358.995911   29168.893185   28346.454604   28046.079775   27303.670003   26990.147679   26601.526383   25772.343730   24110.217505   23311.048738   22642.817103   22293.239967   22078.711234   20822.863369   20730.752831   19293.935209   18662.094790   17583.027345   17173.433424   13723.338969   13553.646687   12700.183966   11763.842647   10323.237953    7872.729850    7187.894009    2303.520310    2002.163549

     573.524705    7909.048463    8773.564653   11750.430464   16070.808466   16556.613178   16671.031129   17473.881222   18073.490066   19001.276406   19460.455977   22292.202368   22473.503708   23666.817743   24246.078280   25067.662770   27109.107700   27172.244819   28257.488845   30868.252480   31860.851650   32741.561632

   27694.917814   25317.376232   16687.975616   15217.019532   13930.907132   13885.894833   12675.523362   11978.207404    9582.568377    7704.108432    4262.658925

    1336.497482    1832.847743    2677.448012    3331.169958    8749.395734    9741.185797    9862.288430   10428.171178   10527.836818   10803.800012   12318.883389   12369.464797   12778.879055   13147.030580   14076.540086   16168.117466   16995.368755   17615.624805   17650.033021   17832.743217   18482.160497   18619.663686   19403.210852   21497.215125   21931.845973   22163.951384   23249.543718   24017.158269   24367.647603   26446.266640   26525.528184   26715.398419   27314.515976   27782.988159   27925.639729   27959.058382   28533.968444   29585.559587   29590.838649   29976.798700   30713.301187   31195.730613   31760.533128   31901.138768   32162.552538   32189.074862

   32579.591357   32524.298135   32487.876156   32473.660237   32387.368969   31905.537706   31843.953581   31207.270211   29582.771355   29374.375072   29075.551683   28911.437880   28837.833399   28717.059664   27939.276833   26583.739525   26440.459975   25975.088198   25421.725547   25262.509934   24326.913877   24145.672262   23817.248970   23439.756035   23058.818567   21702.614185   20228.432722   20137.663198   20062.571398   18063.508255   17036.693411   16866.960540   16040.192969   15079.932768   13847.351604   12554.172277   12409.407422   10912.385388    8681.608142    8077.094485    6918.315561    6761.111332    6718.680960    5166.956877    5106.825159    4544.204291    3448.917234    3160.146825    2800.633869    2655.487747    2226.579302    2214.716880    1634.355174     804.657582     622.758843

     276.515427    1314.973846    1756.317331    2010.740287    2094.580584    2123.459700    2520.258492    2585.236915    2781.740715    3207.257332    3375.156499    3388.599475    4353.120334    4769.613727    5784.549852    6000.976714    6033.107700    6154.338420    6707.162084    6773.413526    7076.578906    7475.256478    7809.323222    7871.213233    7957.905698    8362.359630    8540.898404    8586.555986    8899.049562    9124.128574   10310.721824   10732.747520   10851.792169   10858.574206   10877.982940   10888.473037   11196.466506   11733.464766   11782.265694   12281.949156   12314.859493   12431.982055   12672.956114   12941.819727   14077.843257   15032.016999   15892.144719   17631.454756   17999.423719   18463.968017   18771.298807   18928.305185   19768.369579   20307.490768   21061.530412   21176.601856   21197.210669   21755.957976   22077.565996   22331.922941   22482.525040   22748.964995   22890.719810   23251.622486   23315.767174   23400.095859   24337.944731   24398.283792   24708.556536   24942.751122   25104.534959   25291.587756   25925.299448   26441.635945   27345.342143   27514.041627   27751.205023   27776.032929   28179.475509   28218.728690   28806.551927   29084.850673   29689.585101   29918.631642   30343.950682   30553.506973   31207.982116   31274.699881   31440.958220

   32659.630146   31713.948515   31711.722648   31248.862300   31174.404553   31152.081423   30772.087252   29352.021302   29224.947172   29059.474410   28971.332743   28713.654836   28349.964843   28149.578722   27816.006806   27320.587603   27122.125309   27082.271432   26411.155797   26384.153569   26237.717429   25452.339976   25162.795709   24553.793725   24247.753594   23872.747826   23708.047975   23115.232856   23097.105869   22828.020081   22702.769158   22700.592395   22657.248878   22652.366008   22635.118259   22553.815180   21688.807672   21654.697958   20348.970305   20315.905667   20149.519150   20093.680197   20031.606494   19196.223853   18732.453749   18386.098300   18275.969939   17820.595416   17005.433576   16953.455092   16269.481735   16127.350902   15642.152074   14478.911344   14032.894070   13600.733451   13492.933226   13157.138829   13127.314035   12871.011719   12569.967071   11942.552538   11506.379406   11047.646168   10958.258522   10789.997650   10199.089114   10100.496963    9925.078219    9607.017182    9606.800165    9570.465346    9177.857051    8220.215766    8060.982879    7908.677725    7328.363475    6819.724815    6079.674062    6064.024354    5743.800653    5429.551836    4873.599292    4866.363659    4661.333689    4235.958251    3535.014679    2758.831111    2614.849879    2381.256935    2344.282205    1786.131809    1536.564043     875.240181     589.450941     193.894620

    2507.420972    4320.063082    4891.024659    5924.024751    6446.556078    6457.179388    7777.743126    8218.543596   10564.552934   11735.021393   12471.094638   13453.273629   13791.365642   15203.562212   16499.004761   16614.529862   16966.691366   17083.592212   17260.064852   17654.347179   19105.919034   19520.113468   20047.768975   20457.933561   21705.842769   22344.966857   25862.630970   27178.862819   29385.755242   30823.170263   31409.448836   32067.756462

   32508.172033   32061.608203   32009.549028   30192.241981   29244.189398   28811.693289   28085.358776   28042.640278   27689.713462   27144.260292   26090.743950   26027.920194   25849.339366   25751.444777   25541.078982   25131.985290   24104.469131   24077.041902   23882.451186   22820.573595   22624.775384   21022.094974   20768.269448   20327.463881   20160.584399   19844.455916   19753.346995   18971.197241   18908.529496   17012.750816   16840.384350   16345.536729   15737.735191   14837.337077   14503.408155   13780.686575   13080.719565   12112.440992   11299.358196    9977.065432    9452.147282    8658.459181    7029.398694    6855.104190    5291.459090    3795.967223    3321.570513    2578.451430    1904.115696    1287.952666    1096.244087     816.613300     745.125156

   28451.845790

   29402.973601   28797.945280   26621.698050   22079.670248   20393.361553   18888.541917   16229.666433   16103.002533   15895.151036   12586.562944   11522.769860   10653.950621    9468.186102    1199.143925

    2421.887661    5956.571215    6230.814539    7856.398206   10649.890500   11881.719199   14209.464400   17105.975494   18005.524033   21713.877865   24225.085665   24610.258003   25465.844447   27528.013977   29485.456709   30424.817743   32575.644551

   32669.915525   32260.182714   32043.269753   29396.976501   28742.551225   28614.845515   28108.070193   28048.136448   27409.336558   27202.593371   26782.607227   25987.953551   25774.303018   25606.752342   25257.307321   24468.371960   23666.336863   21177.453444   20869.539201   20809.074374   20615.482925   20441.636555   20384.243782   18535.712485   18286.421949   16974.231941   15104.337413   15032.145787   14841.741081   14196.537461   13040.525895   11015.587939   10776.702780   10719.246284   10276.058565    9612.501389    9437.743675    8928.469344    8631.061281    8571.741295    8243.797967    6548.945280    5934.104373    5417.140477    5070.964080    4886.007721    3873.547136    3671.524735    2901.795282    2717.861385    2615.827967    2237.889798    2058.411756     723.023438

     240.331767     319.687338     433.068606     868.156560    2028.255226    2182.897702    2457.077273    2560.634724    2590.480667    3366.100375    3419.446791    3480.641194    3890.259102    4374.653523    4475.128422    5170.500748    5170.855586    5839.193396    5845.033357    6709.200842    8939.279214    9100.590594    9608.880978    9749.600238    9958.001801   10438.497177   10868.299112   11190.362133   12042.742759   12406.050264   12738.853328   12855.567492   12975.243110   13092.475814   13248.834223   13388.659078   13523.405988   13750.606494   14080.989990   14167.114414   14234.686911   14999.462325   15092.156468   15488.890439   15587.815699   15611.595721   15628.889004   16277.520463   16553.990387   16935.546251   17438.428388   17676.909177   17867.359203   17934.396863   17996.025788   18328.995209   18893.626698   19017.636250   20409.273721   20454.435163   20650.322764   20970.660146   21053.938139   21369.753868   21446.588702   21851.365154   22248.554582   22490.867885   22657.972167   23912.577471   24349.113132   24488.335215   25039.717917   25198.347667   25799.749687   25977.467330   26041.632984   26138.937773   26910.701315   26914.785272   27253.664418   27405.393384   28403.619221   28835.531419   28884.877895   28891.329325   29058.650777   29228.668569   29463.255776   29689.414991   30047.190497   30292.871395   31127.615650   32030.108005   32408.286630   32484.265450   32555.490982

   32049.767968   31408.219459   30747.082430   30163.010315   27106.615009   26700.968841   25987.485000   25292.020051   25106.173711   24595.410443   23743.917081   23282.484756   22982.485092   22176.360332   22135.338572   21791.489517   18742.890896   17231.908597   16956.765313   15477.168615   14087.991089   13562.567797   13177.002441   13034.296304   12801.988220   12041.878353   11882.730918   11427.180731    9792.967009    8773.355693    8339.447493    6963.593463    6357.717643    5825.027711    5515.919156    4983.030152    4423.024018    3870.267098    3172.291360    1110.946501     752.460829     189.223060

     101.247902     191.105380     744.023804     852.317820    1900.135624    3246.460585    4257.967895    4706.997559    4987.948515    6165.391186    6609.224342    7262.988861    7455.468764    7950.124760    7958.178655    8326.987548    9773.004517   10554.124241   10682.877071   10987.091800   11698.787591   11818.870754   12106.834040   13288.430830   13411.108798   13502.984954   13673.414106   14006.924131   14590.321970   14901.451552   15845.241310   18796.255776   20709.109012   21835.320109   22468.134404   22477.232551   24463.446272   25240.692007   25559.979614   25944.623463   27854.989319   28837.298349   28975.613361   30029.648610   30048.014222   30586.255684   30854.822504   31347.933348   31366.974639   31781.351970   32606.033082

   32566.020844   32370.895657   32280.925352   31974.602313   31034.233802   30331.501877   30302.510758   29515.391705   28792.809565   28571.177923   28320.121891   28146.819208   27538.277535   27046.852443   26970.208045   26402.465926   26205.491531   26109.333140   25773.462661   24817.309366   23657.714927   22644.116703   22514.937254   21829.447005   20443.384259   20314.275369   19954.091037   19645.563433   19589.371563   18821.246895   18682.970367   17755.560015   16977.452315   15927.568285   15871.884671   15791.743583   15407.955901   15401.944761   14252.013642   14225.801355   14027.939329   13576.242531   12157.048524   11894.859981   10333.541429    9667.057863    8534.783227    8062.884121    7149.727592    6756.603778    6723.643727    6667.816858    6512.114566    6426.679891    5957.794946    5400.223792    5110.977081    5080.277718    4479.577166    4377.594134    3913.489639    3763.956114    3232.876980    2404.293741    1549.974456    1235.312906    1062.875301     107.742119

     958.458113    1657.385144    1974.371197    3307.959258    3498.189337    3989.883511    4195.332255    4244.127049    4487.781335    4827.038026    5052.585040    6267.911161    6722.949217    7588.135289    7933.633808    8229.150487    8837.008332    9395.496170   10068.269539   10758.686392   10946.224403   11105.266121   11218.093570   11296.797052   11365.162511   11401.241401   11778.229438   12546.082644   13457.718345   13605.414045   13766.431257   14208.969695   14265.993835   15393.695395   15641.710471   17614.415174   20425.361950   21101.921659   21300.326426   21583.102329   22015.988861   22627.590228   22686.966430   23861.304636   24246.681753   24980.026765   25075.287973   25256.092776   27617.043550   28012.353404   28040.956938   28134.164556   28227.208075   28659.563189   28941.712424   29135.400769   29273.853755   30217.430280   31397.870174   32299.084964   32418.076205

   31538.355541   30925.904569   30829.489944   30084.381512   29782.648976   27587.218360   27450.224616   26571.870724   24652.984527   24502.997742   23723.424329   23682.760094   23577.707724   23368.600330   22897.885159   22617.954863   22193.687704   21670.199499   21611.913358   21417.192572   21009.716208   20563.734764   20074.843623   19854.297861   18949.829554   17880.826533   17813.439924   16791.251137   16014.554094   15235.720878   14282.558947   11817.699576   11647.532365   11191.323313   10534.895322   10206.754509    9019.736381    8852.904843    5403.462386    4791.856471    4505.878933    3842.654683     231.608997      80.222297

    3200.091250    5760.211402    9134.144292   18244.188086   19998.695578   21112.046297   23720.362407   27913.018738   28106.016846   32215.192907

   32624.730796   32033.830470   31649.164068   31167.627064   30777.574419   30137.092929   29550.540941   29154.664144   28983.269997   27974.746544   27222.514267   26751.411664   26599.489303   25893.291116   25019.946043   24939.608631   24903.764183   24576.843562   24170.003296   24064.649312   23729.218451   23663.601794   23649.891903   23480.521165   23174.867367   23011.906888   22523.105106   21748.819300   21003.044008   20965.263802   20833.055696   19694.776940   18965.442457   18682.088107   18609.373302   18407.206305   18321.858180   17977.836482   17912.120823   16722.460250   15563.476852   14787.534410   14171.413068   14149.755760   13133.709830   12833.406049   12330.962584   12118.801080   11962.117374   11665.908170   10852.659902   10784.224342   10420.424543   10229.252541    9873.061953    7996.991913    7575.273415    6416.773064    5532.148564    5119.995972    4856.511856    4633.710746    4267.421979    3985.351634    3682.164769    3605.391491    2920.043489    2842.198004    2841.752190    1892.921140    1869.249031    1386.267098     921.299509     867.715659

   32227.639821   32347.585681

   32577.968566   32311.441237   31135.233375   30817.675680   30790.736839   29919.291177   28157.063784   27295.538041   26955.286538   26871.739433   26485.709647   26438.211768   25197.609821   23433.636311   21472.471816   20134.493484   19522.990387   19522.891629   18998.641987   18764.128483   16406.620655   15698.993866   13490.557939   11787.207526   10122.549577   10071.610462    9821.114109    9336.954985    9195.787042    9066.018494    9033.496719    8257.395550    8038.102237    7531.492996    7518.719077    6314.082217    5991.698325    5820.278756    2096.898618    1449.364544     983.552904     427.003235     361.286996

    4349.411145    4379.392071    4558.887234    5366.615558    5609.362041    6472.009705    6652.074068    6989.583087    7019.370312    8810.819514   10303.574908   10955.393719   11225.752281   11279.391064   11597.228370   11688.993774   12073.198737   12856.999145   13427.711722   14017.907926   14082.247444   14437.052919   15144.177435   16938.868099   18421.018830   19522.382000   21160.428663   21342.036073   25698.667806   25750.039979   27685.484634   28884.552232   29964.717277   30031.820521   30276.915342   30453.110416   30532.620167   31267.554338   31414.107730   32711.333750

   28132.057100   16276.373363   10359.110355    4772.496750

    3890.068575    5462.241829    6608.923612   10137.826319   13590.685232   14586.853420   15436.293100   16101.745018   16392.915525   20197.026978   22813.162664   25262.831538   26846.726737

   31578.242317   30952.608142   30444.996124   29986.218879   29747.625752   28032.010132   27621.147130   26833.635182   25500.179022   24245.156041   24214.144292   23940.690146   23759.683828   23527.875393   23220.176977   22883.046724   22860.308298   22765.750969   21694.321879   20196.640645   20003.400464   19972.890652   19533.775079   19214.662648   18102.765618   17599.465926   16274.225745   16083.001892   16046.953581   15025.462966   14881.364574   14770.655202   14637.907682   14209.642232   13284.629444   13204.255684   12575.465926   12149.239753   11825.946409   11104.486648   11068.799768   10904.393323   10843.224647    9714.064486    9455.085421    9315.732780    8586.000549    6322.514939    5846.673788    5547.796167    5540.711051    5264.594348    4375.531755    2364.361553    1986.893277    1731.783868    1291.863552     982.726218     360.417402

     205.777734     617.462477     714.083895    7170.125340    7477.603534    8882.661275    8918.962371    9101.127201    9891.038942   10022.730949   10223.146977   10593.884487   11958.411573   12072.990844   12213.271279   12233.238502   13660.090732   13754.617512   14023.656240   15650.231025   15796.252358   16647.215979   16928.296640   17311.333293   17961.835017   18397.409253   19797.766655   19857.073153   20490.715629   20651.132572   21382.793573   22232.484664   22291.471725   24966.782983   26276.649007   26679.180059   26771.453078   28639.061922   29376.469161   30352.118503   30740.746849   30789.794153   31154.431318   31562.301950   31628.780816

   32720.852687   31793.758812   31404.623188   30790.363781   30638.041017   30539.799341   29722.653462   27225.936888   26896.136357   26504.995880   26298.858577   25919.453810   25634.575060   25215.666189   25053.412244   24564.577532   23943.144322   23240.616443   23114.222419   22227.037141   19564.626331   19471.706259   19405.119572   18352.726127   18154.636555   18125.103488   17769.958983   17496.361034   17002.767785   16885.436293   16502.414167   16092.715720   15423.454329   15221.071718   13833.707755   13202.398938   12734.295114   12239.192206   12037.214423   11512.554613   10262.741630   10128.815394    9487.333018    8226.313608    8149.491531    8064.718650    7775.400403    7234.578478    6850.939360    6782.033113    6563.511795    6253.599322    6070.997711    5688.999664    5284.701712    5049.185064    5028.600879    5027.293710    4981.991913    4650.329722    4632.378033    4385.686422    4322.920286    4005.054628    3854.168981    3773.091159    3179.395581    3095.615650    2785.761742     482.518754

    4122.674337    4596.842982    9359.460189    9756.212226    9806.072390   13913.823359   15586.669088   16753.641926   16926.463729   17838.677572   18000.820795   18726.818751   19643.270821   20742.731376   21105.010987   21439.921903   22043.141697   22801.990112   23479.214362   24713.476302   27083.224281   27564.708823   28969.417982   29145.297006

   32539.745354   31918.642933   31232.339000   30726.091281   30618.231635   30241.583789   30073.246315   29806.900510   29119.498978   28910.240608   28359.031312   28008.749565   27245.212714   26662.889584   26658.849971   25469.089755   24925.636921   24687.879482   24662.955473   24633.115604   24551.051515   24377.668600   24331.195349   21943.575426   21868.977905   20408.095065   19905.952513   19836.257454   19803.897031   19583.135472   19341.664602   19113.578295   18871.678091   18754.011078   18493.305216   18303.343303   18059.873775   17345.656392   17309.348125   17094.411878   15386.377819   14698.843715   14650.387829   13740.905484   13493.998993   13077.693533   12313.973846   11992.655171   11237.130619   10546.589434    9514.813868    8655.188238    8652.716910    8359.641102    8016.592181    6981.599811    6680.784906    6583.525010    6408.787835    6250.464705    6059.688955    4901.657949    4780.556597    4745.471480    4257.578509    4166.672353    3192.937590    3114.125828    3096.787622    2919.407910    2769.995911    2726.379986    2023.157872    1980.255287     992.766228     382.658071

    2332.252174    7979.123417    8678.814478   19794.219764   22099.589129   25443.081332   26041.486831   29056.575671

   32339.409528   31901.370708   30849.367199   30292.256874   29776.519272   29186.707205   29173.456771   29147.739067   28919.015687   28700.957701   28656.067782   28417.720084   28176.953978   27795.942167   27427.527085   27040.977660   26686.421216   25736.554735   25550.953246   24664.026185   24322.742210   24314.299326   23884.701010   23548.523911   22997.130009   22851.518509   22298.083377   22289.037904   22211.501785   22090.375072   22084.495529   22030.287759   21820.385022   21039.284738   19900.538652   19323.475661   19214.647786   19048.951292   18970.336802   18625.164800   18539.874142   18395.453932   17874.450087   16748.286935   16367.342692   16006.279061   15661.118046   15650.920652   15648.152379   15313.541459   15099.772851   14670.442640   14074.539628   13740.154729   12823.524613   11739.428388   11556.421216   11366.788934   11034.472243   10178.838252    9252.734672    9186.051546    8556.572832    7759.435041    6729.267769    6459.305002    5294.298074    4715.580279    4283.358928    3665.322336    3547.178167    3334.853572    2879.777947    2306.692679    2089.696646    1352.138462    1348.371715     258.386456     242.823145     234.092746

     153.110721     431.317545    2029.268990    9417.003723   10394.084323   12274.454695   12677.229682   13385.739372   16136.376385   17362.103061   17719.071230   18120.894406   20933.136265   21430.456160   24442.007111   26724.525559   27015.856471   27461.527207   28665.084994   31047.940458   31971.903226

   31685.347453   31553.136357   31546.985870   31210.304086   31167.543474   30911.936064   30545.008789   30477.371441   30464.717734   30337.960082   29267.202887   28642.417524   28442.592151   28315.987762   26716.820032   26330.579577   25946.077425   25763.539903   24990.515030   24917.943937   24853.125401   24364.590747   24029.344920   23943.202063   23905.303232   23698.906705   23205.741325   23093.269143   23031.168279   22437.546739   22330.247475   22270.145817   21879.609760   21516.695944   21246.034028   20861.017029   20703.870174   20417.184484   20405.225257   20236.741111   19746.385174   19636.236091   19263.834193   18832.611072   18346.835810   18074.199622   17938.209265   17910.126164   16863.383679   16629.388684   16514.959624   16512.283883   16362.964080   15539.421155   15298.130985   14311.073916   13353.349162   12554.986938   12338.756462   12122.964782   11766.141179   11573.602252    9662.217780    8530.686270    8223.959746    7935.437391    7864.545732    7275.188910    6436.126621    6123.626728    3932.498306    3123.887478    3103.164769    3089.309488    2887.218696    2487.828883    1748.022889    1590.467055

     403.244545    2464.235359    4401.656209    5405.971496   12622.649617   13744.971740   13777.454237   15985.062044   16712.135594   18711.943358   20403.578997   22312.286294   25787.285195   26985.448592   26996.437361   32224.834162

   32129.618397   31749.304544   31521.701743   31469.018830   31442.797998   31135.961669   31110.814539   31096.096683   30690.360179   30571.705771   30129.291604   28797.127415   28517.348186   27741.087588   26994.036744   26871.545976   26465.538896   26114.896207   26005.010193   25724.728782   24660.487655   24606.181036   24218.764946   23286.233985   23098.557817   22301.483901   22192.093539   22174.238441   21950.877895   21869.350047   20868.319742   19643.222053   19422.242042   19318.980102   18665.504837   18603.807764   17843.070772   17110.884457   16498.133946   15277.981140   14779.558123   14695.780541   14222.830256   14142.206641   12829.837794   12559.897366   12534.009705   12199.858333   12160.499802   11825.837245   11489.665700   11427.428419   11135.387860   11042.521622   10810.253883   10723.241157   10536.441847   10162.503983   10109.320841   10103.588549    9101.220923    8836.746513    8658.077609    8539.228065    7935.808435    7837.948393    7783.053591    7361.988250    5057.597034    4568.532273    3982.471267    3358.599750    3051.731986    2762.830439    2432.696677    2391.161992    2191.818079    1836.808924    1354.246651    1237.540880    1201.276040     684.476730     503.414899

    1311.864620    4073.779260    4156.950011    9443.281961   14666.864010   15769.987243   24055.280770   27825.261269   28427.843898

   32179.415052   32045.447218   32005.801599   31851.236702   31615.306101   30796.520920   29825.690023   28771.356426   28132.470321   27403.881954   27049.148961   26932.289010   26680.713981   26498.261696   26461.758995   25307.462539   25283.476852   24835.273080   24401.801843   24378.056429   24325.247505   23989.658071   23761.431318   23624.365093   22906.397748   22874.483108   21572.464553   21408.089358   21023.878658   20874.586871   20657.308542   20575.824091   20220.748741   19741.911863   19468.907651   19234.158269   18417.514634   18367.939604   17242.687765   15100.030763   15054.813593   14873.730552   14747.456771   14358.338359   12108.712912   11554.923215   11118.231727   10958.994049   10860.448256   10144.442854    8783.408185    8781.892880    8264.527116    8127.230140    7848.752953    7616.983642    6894.065493    6283.688253    6140.836573    5816.261696    5261.218970    4232.911710    4020.873135    3352.131779    1363.476821     907.151006     845.234138

    1930.791498    5280.062960    6176.951476    6946.245003    7469.909391   10307.962432   12237.100101   16515.121708   17889.411054   19700.428419   22962.706900   24468.184851   26510.467849   27565.428632   28268.327769

   28947.132176   21633.497879   18979.650258   14778.210425   14721.474654   12801.015900   10628.022309    9255.885372    8957.919095    5450.325571    3506.890683    2570.898343

     244.819239     468.960845    1820.791650    2089.977569    2280.299020    2323.740654    3486.863002    3638.819117    3665.700766    4206.749351    4912.740226    5298.130955    5879.671590    6104.648671    6304.553697    6991.952666    7575.807123    8032.725639    8602.586413    8847.533372    9763.751549   10507.934996   10533.533006   10699.674001   10769.308481   11054.759758   11736.873745   12114.804926   12413.046327   12508.536302   12666.908841   12920.207739   13067.023927   13680.851527   13867.694235   15187.865352   15350.103702   16132.915616   16340.779290   16599.862178   16871.081271   17162.685141   17316.641377   18971.769036   19257.611164   19985.640950   20719.568712   22103.340281   23235.804498   23399.896268   24861.650044   25238.112888   26028.702445   26659.356517   26887.142735   27067.167333   27436.649556   27764.733726   27854.553240   28687.471755   29497.053468   29802.941649   30681.611713   31003.748405   31123.681326   31257.570849   31342.051271   31678.846217   32705.360698

   32739.180486   32728.244911   32257.558916   31840.312571   31817.872585   31143.760277   31068.309854   31047.581103   30816.843959   30750.724906   30711.195593   30549.239784   30476.830256   30374.991791   30254.888119   29088.371136   28717.502976   28683.966460   28022.390149   27783.784204   27577.537126   27284.184210   27051.513627   26675.063753   26105.910703   25177.948515   25092.024934   24687.569475   24600.764428   24583.733909   24278.560167   23799.115696   23703.387219   23444.635365   23208.698843   22624.185400   22193.215613   22102.527879   21656.273659   21045.288400   20638.139744   20561.124729   20396.687094   19486.376415   19225.100650   19144.687124   18088.223365   17419.169103   16967.792047   16343.165654   16190.124851   16171.950652   15944.361583   15938.680044   15731.173437   15579.029054   14921.425794   13500.741783   12887.527207   12638.713889   12437.237831   12110.633320   11843.365642   10457.118412   10259.895657   10154.143132    9754.903623    8864.279397    8646.221870    8599.466506    8505.308817    8349.572619    8033.034577    7908.415937    7618.881466    5985.102939    5843.423231    5610.083651    5545.030854    5236.922666    5066.277047    4896.772240    4820.610553    4750.816126    4690.277871    4138.010834    3907.733024    3789.794977    3720.486953    3104.289804    2879.618030    2441.279977    2084.792047    1677.215155    1542.022980    1236.884060     856.177252     609.775353     261.517319     151.622761

     338.698752     494.518601     613.414197     686.729484    1792.650288    2051.028748    2370.321421    2867.823664    3084.925504    3403.700125    4283.552873    7510.810541    8249.046510    8442.461135    9229.271157    9749.541917   10020.017914   10353.021790   10800.694296   11953.243904   12431.969207   12527.959990   12915.012268   13184.482803   13577.756951   14501.391095   15974.793481   16169.452071   16874.208258   17599.204749   18327.193548   18469.254158   18507.249306   18507.745659   19421.912473   19724.709464   20210.178442   20920.536271   20985.911954   22036.102512   22065.974548   22210.915464   22566.258370   23852.117038   24899.431318   25232.695547   25630.849330   26290.837855   26556.024964   27548.132054   27981.689566   28302.118503   28318.608875   28485.425764   28606.280953   28974.307352   29763.539079   31044.306040   31152.768822   31389.150060   31538.081790   31545.554918   32763.221900

   30321.242988   30084.782281   27995.550493   26019.177374   25362.713706   25328.274972   24622.400678   24411.390851   23462.688101   23039.725059   22989.554765   22535.474990   20277.046480   18095.536088   17369.439711   16420.368633   15528.051698   15477.442640   15242.992645   12492.600055   11123.200110   10901.096591   10253.839717   10062.869045    9948.673940    9875.123661    7261.894559    6970.492111    4624.145787    4494.071596    4375.007019    4120.307932    2829.831965    2790.239601     757.797052     216.830073

    1053.347636    1170.212470    4006.924406    4056.979888    5070.156529    7379.665273    8247.586871    9954.913938   11281.542283   11413.910672   11479.887631   11851.415601   11909.327372   12294.985961   12925.325846   13390.675039   14816.979827   17383.415906   17472.622578   17727.416242   18450.973663   18717.947874   19429.559282   19959.327006   20229.701468   20517.677999   21177.207129   21335.890316   24523.946654   25984.120304   26653.987732   27194.032167   27693.301065   28023.757744   30293.338755   30959.694143   30961.688589

   32650.681784   32040.750206   29606.977386   28469.231880   28116.267647   27943.599414   27631.126255   26683.319651   26602.007691   25671.814539   25375.191107   25159.114048   25080.294351   24899.027558   23767.126743   22774.954100   22751.504776   22668.198859   22265.980377   21955.580920   21699.758141   21126.603473   20710.445082   20124.456526   19820.287332   19103.546678   18993.234138   18916.512986   17873.604419   17686.409864   17043.836573   16739.292520   15801.933042   15458.971313   15106.622303   14534.415296   13951.337138   13555.122562   13298.888791   12871.137181   12738.040529   11611.997009   11505.284127   11322.034425   11034.557726   10108.112827    9829.724723    8427.542192    8237.227638    7417.134709    7280.710868    7097.349590    6900.120609    6700.522507    6658.923490    6646.663594    5993.555742    5955.201788    4780.295206    4560.604694    4556.639790    4342.186377    3950.505753    3868.019105    3617.196356    2753.565325    2404.168371    2284.996033    1455.625629    1304.792749    1023.040407

     592.723441     819.603534     838.681295     913.549059    1329.595050    1801.673879    1840.461501    2190.585681    2957.977905    3689.668935    4150.498306    4353.158452    4385.417463    4441.868831    4678.442152    5259.153142    5905.865993    5921.596118    6247.537339    7028.125431    7071.955138    7418.495041    7566.747551    7773.099368    7953.197485    8096.958373    8498.433668    8784.747856    8818.825922   10193.321451   10246.965392   10511.038728   11509.492752   11937.595050   13259.888485   13759.748589   14158.025147   14467.044527   14606.626179   14639.230720   15280.767479   15594.861385   15667.457808   17063.004456   17624.873592   17762.036164   17936.740867   18017.503922   18414.809870   18436.794092   18492.277108   18720.102847   19143.009583   19459.662679   20088.101688   20116.052767   20676.261879   20837.568255   21058.228919   21976.418348   22335.094363   22493.682882   22709.919980   22968.404004   23209.019074   23318.097110   23657.325144   24183.572588   24454.138401   24488.670919   24501.420881   24766.027375   25203.399579   25275.808496   25454.276742   25592.669424   25730.847133   25734.164373   25855.406049   26208.150151   26361.422681   26568.887722   26574.033082   26589.638081   26637.405164   26685.519333   26700.600818   26718.031220   27394.568896   27706.803797   28486.869381   28517.416517   30109.282754   30617.671102   30758.244270   31122.960143   31154.730979   31810.273110   31965.897519

   32339.306406   31639.521348   31518.527573   31026.607624   30968.061800   30965.898160   30825.245918   30704.670278   30285.125706   28665.117618   28075.168950   27946.214148   27725.300333   27510.449080   25090.074923   25025.955931   24137.648732   24132.121799   23102.351329   22460.354869   21977.333323   21527.532060   20941.763878   19813.593524   19198.963530   18953.283670   18795.887844   18731.932127   18191.232856   17621.964599   17468.894284   17267.532884   16910.879147   15339.128452   14523.457442   13659.633290   13605.270882   12768.754234   12721.352336   12559.000275   12484.261788   12225.746666   12134.865596   11277.333018   10457.781732    8333.572008    6763.594012    6349.841029    5840.316507    5476.626026    3844.426038    3485.803674    2852.612751    2840.846339    2205.008606    1746.128544     480.309427

    4586.725608    4768.331797    5761.347911    5839.753014    9537.537523   10291.565264   10791.964599   10850.179235   11149.495529   12007.724021   15606.563890   18285.835383   20495.938932   21824.464736   21845.678335   23600.882687   25311.976165   25668.165777   26535.166906   27599.189032   27932.847865   27941.737785   29200.713431   29887.853053   30561.279641   30786.521592

   32241.430433   31571.343028   30012.342326   29704.956389   29476.829218   29437.724387   29340.787530   28782.123539   28771.231880   27697.484512   26088.923093   25739.894131   25450.533891   24606.919736   24371.537614   23988.784326   23051.736320   23002.550340   22961.215766   22894.416639   22327.388928   21948.026612   21902.107639   21221.625263   20486.822779   19636.593890   19585.733116   19387.878170   17792.725517   17608.065493   17390.656209   16008.012818   15991.158452   15440.445509   14921.729820   14407.563036   14098.113956   12638.587603   12577.237831   11637.214850   10629.828272   10454.177709    9497.772698    9252.486953    8617.047731    8228.769951    6362.052705    6307.530259    6011.102939    4927.643239    4728.151646    4514.592181    4253.192816    4209.739555    3817.360973    3682.715415    3563.366649    3548.883206    3428.219123    3264.209479    3060.522874    2713.086917    2464.231452    1896.866909     679.030763

     478.825312    1017.754845    4495.838496    4979.368328    5937.448164    6409.856990    8638.507523   10580.538835   11093.575640   12840.714469   13101.708487   14006.472457   14142.118595   15238.160497   15479.859279   15554.013153   17285.628040   17830.945769   19649.013825   19909.132420   20324.499039   25393.250954   25433.114994   25546.111454   25564.407788   27910.572558   31969.698050

   26706.306162   26580.686087   26275.291330   24181.301431   23898.295083   22565.434767   17923.051393   14726.739647   11788.965911   11338.667196    8256.875484    5830.841273    5330.602771    4865.900632    4698.905271    2353.381268     945.002899     612.799707

    2029.725730    3598.045351    3715.454939    3737.156865    4884.226478    5289.021302    5915.273293    5943.882809    8122.276955    9434.363964    9679.141057   10666.436567   11865.608051   15305.495407   15931.532334   16196.658223   16320.717673   16599.164708   17523.732078   17596.151677   18173.215461   18772.939146   18847.869900   19182.132817   19969.838466   22733.231269   22939.404614   24946.118503   26106.958922   27048.333415   27939.500595   29556.042146   29583.187292   31173.246040   32647.044404

   32662.815607   32585.364330   32454.375042   31228.922178   31175.046907   30664.034211   30490.965453   30090.848933   29072.496475   29031.156529   28760.904843   28586.337596   28132.604846   28023.955931   27453.748131   26324.210730   25658.569048   22838.241676   22757.660360   22610.327342   21590.363750   20148.445784   17654.139012   16887.532243   16344.645253   16116.590136   15961.778161   14739.690298   14091.757439   13629.302499   13046.460097   13044.898251   12455.798120   12433.484207   10115.641896    9991.972350    8470.112339    8206.678610    6550.809839    6006.569262    5832.162114    5716.603168    5668.114322    5556.516037    4039.736625    3963.196844    3560.660024    3194.921598    2486.900479    2335.945799     951.824152     416.751244

    5470.061586    7876.787378   11569.641377   13325.390606   17883.362377   24811.465957   28775.871334

   32753.960509   32644.518784   32425.488907   32191.927213   31753.468154   30450.598865   29609.629719   28831.726279   28163.573016   27781.578906   26888.841426   26601.593921   26071.608722   25670.989380   24569.218848   24015.009339   23957.429762   23095.917356   22126.304636   21509.238655   20795.808069   20760.463179   20604.099734   20549.043641   20514.208411   18898.157140   18493.299997   17480.544389   16684.186895   16332.048402   16272.660024   15711.934843   15475.615253   15131.042238   15053.293680   14599.619861   14585.928007   14313.005493   14034.332102   13455.003082   13218.875576   12591.360668   12068.756706   11423.118076   11315.250038   11081.996826   10735.486862    9665.289468    9549.000122    9519.126530    8311.408795    8001.298593    7718.706473    7382.898068    7210.059847    7172.531480    7167.436628    7116.985565    6954.472243    6689.132542    6431.148442    5600.997192    4929.388134    4563.281320    4544.010926    4519.123173    4311.230110    3928.699942    3759.081210    2532.529588     642.956694     543.277322

    1118.044069    2008.937651    3466.280374    4438.969817    7366.435194   11299.060701   13165.257881   14700.968017   16508.160985   19122.556719   20484.425306   20498.841304   20618.817072   20822.888089   21777.272225   21838.993896   23167.887326   24360.638356   31378.319864   31613.667379

   32666.018616   32211.106967   32091.689444   31588.511643   30224.610096   30101.528489   29838.047700   29790.317240   29658.043306   28742.914518   28709.052034   27798.639943   27567.876827   26860.794244   26648.797021   26518.801538   26194.528611   26144.781091   26108.497604   25863.555498   24881.920164   24814.875820   24620.258553   24423.862941   23963.341380   23668.269143   23572.877743   23518.421033   21967.580798   21777.494552   20518.275246   19911.114658   19768.044465   19716.042268   18666.341075   18043.257729   17691.812098   17612.482742   16913.611927   16696.751671   16334.223975   15714.201453   15706.545824   15675.901212   14805.225196   14788.808252   14785.971984   14609.226142   14532.339793   14433.364299   13881.950865   13645.094272   12808.305277   12686.069002   12401.124638   11775.678610   11695.700003   11586.986969   11367.423475   10675.562365   10550.258980   10299.399304   10195.203253    9802.000366    9759.470870    8927.957762    8048.715201    7740.456984    7126.454024    6307.983306    6108.833247    5790.393262    5558.898953    4979.442213    4246.387768    4136.915586    3802.749260    3659.100040    3489.074618    2908.075686    2404.216712    1982.703543    1393.796045    1320.995697     747.592334     486.311289

     429.773278     750.746513     821.368297    1228.617481    1381.456893    1885.016480    2056.970000    2294.502701    3696.163762    3697.419752    4355.373363    4468.340556    4704.326273    4895.845759    4992.006439    5250.233467    5465.086734    5494.629414    5585.068331    5590.626301    5763.264321    5772.754387    6186.380352    6608.101047    7401.793085    7623.414838    8017.217933    8252.737541    8270.426344    8274.819788    8952.010529    9987.825312   11076.224555   11234.192602   12658.653768   12745.615833   12800.952544   12804.111026   13069.719596   13318.369427   14522.634266   14889.887661   15614.170141   16381.199377   16439.599231   16519.632618   16821.705130   16886.874386   17003.007233   17218.979675   17333.849971   17835.418470   18007.079806   18090.107028   18458.078585   19136.414228   19277.512650   19325.711081   19489.179632   19544.813959   19881.823572   19898.386212   20086.916318   20164.026887   20400.244911   20794.008545   20869.073550   21091.125675   21215.247444   21427.467086   22122.847194   22237.350291   22645.888638   22752.039003   23987.748497   24556.406629   24583.885800   24768.823725   24799.089358   25376.504593   26158.746941   26974.869686   27323.746422   27417.802759   28007.596301   28044.527207   28827.883602   29645.575426   30099.732200   31876.332041   32367.024445

   29285.013428    8929.449507    7947.124058

    1574.536637    2374.292306    7882.574267    8209.727897    8318.046907    9477.487381   10842.904508   11939.899869   12638.042421   12761.399213   13543.517136   17347.202185   17456.440809   17910.367107   17926.445021   18033.087039   18517.317728   18595.889309   19030.236396   19389.653615   19556.794336   19797.740806   22139.466720   22612.088961   23733.055879   24605.511155   25921.331278   27327.007721   28112.264931   28240.509049   28510.845912   29430.372997   29482.653279   29695.891873   30816.550676   32404.840602   32582.681661   32634.042268

   32625.669912   32507.954375   32157.852474   30984.453017   30545.391919   30139.491623   29785.454024   29401.748436   28914.742088   28727.489608   27246.189367   26689.876980   26188.345988   25933.315043   25914.768517   25832.345683   25608.516587   24791.077883   23960.262612   23060.906491   22882.696707   20155.146153   18874.361705   18762.084964   17834.848079   17228.974944   17104.013428   15365.324137   15348.035920   15164.889340   14803.637654   14639.962951   12488.980193   12426.829188   11967.838069   11882.602466   11814.253853   11758.453505   11008.769982   10836.490585   10701.499954   10642.990204   10298.369030   10129.833918   10049.035737    9862.351451    8426.421979    7978.659719    7921.190985    6883.439467    4930.457564    4646.510666    4503.204779    2811.990509    2636.700766    2321.109073

     861.841609    1774.639454    2324.715079    3062.460128    3205.379894    5551.620167    6302.650594    6843.987457    6952.491836    7633.063570   10630.486953   10662.644734   12691.805597   13022.044008   15185.612140   15848.040040   18060.039979   18473.467696   19076.784265   23299.054842   24170.342875   26620.780175   28077.581896   29428.255806   31041.581439

   32671.871822   32642.730583   32012.970428   31922.675405   31061.690085   30873.270974   29087.219886   28009.485580   27883.639363   26482.453383   26240.172063   25556.441664   20866.831141   20052.230171   19576.036073   15253.071627   15216.883328   15142.220130   13643.297342   13233.276040   12935.788049   12007.214057   11913.894040    9650.923612    6509.107273    6121.852077    5384.339061    4102.482986    3393.194098    1107.236152     347.769890

    1497.721244    1501.357768    1750.484481    1982.070223    2606.013886    2754.300913    3031.978820    4753.471877    5437.153722    5620.049654    6029.685965    8164.085971    8503.716666    8572.288491    8659.397351   10807.970580   11031.545854   11753.031312   11877.768456   12591.448622   12612.391339   13100.848872   13704.601764   13979.436262   14009.928343   14154.924863   14782.710410   14906.658406   15771.670553   16083.214362   16095.014985   16308.924284   16428.673635   16694.807123   17132.376049   17583.931394   18387.291604   18881.400678   19989.982330   20258.427961   22073.569720   22282.577715   22341.528123   22965.358501   23518.465041   24592.551988   25761.593188   25828.849513   26216.040132   26415.650716   26670.516037   26884.307657   28620.530564   30951.264809   31409.624866   31857.624622   31932.777642   32455.285257

   32374.823481   30968.927335   30153.757988   29613.631825   28851.820917   27769.786431   25964.250343   24651.479568   22814.601917   21457.011292   19708.949919   17994.919614   15969.745262   15922.941313   15547.779870   14397.019684   12864.067843   12169.048280   11904.374432   11191.448317   11049.012329   10003.271920    9772.156652    9150.504776    8767.889859    6332.445753    6060.324900    3405.033082    2031.152013    1424.756188

      30.397351      30.939634    1889.706656    2268.952055    2671.243141    2737.022340    4457.809992    5584.909635    5924.150731    6415.668996    6780.589068    6977.419752    7880.776696    8436.475997    8520.725669    8522.678152    9349.900693   10416.325419   10807.078799   11433.168218   12025.557787   12195.213874   13718.941893   15073.696493   15076.577898   16665.044893   16692.155095   19981.914640   20347.999725   21165.924375   21191.820521   22222.060335   24017.637654   24332.148534   24431.145604   24865.355266   25322.303049   26307.492141   27475.206366   27782.366283   27976.056032   28220.085086   28793.764153   28834.719230   31385.147343   31544.194250   31596.363628   32282.093600   32562.305918

   31867.409070   29281.322916   28058.581561   28050.799951   27073.518326   27057.060457   26908.703696   25435.890805   25378.112766   24628.331706   24523.491928   24250.180029   23387.624287   23140.526292   22731.192175   22564.939543   22257.788842   20357.332530   19952.017701   17468.562181   17405.262886   16961.938261   15957.927946   15815.403394   14196.891110   14184.778375   13581.180059   13482.177496   11995.333537   11958.320688   11824.986023   11185.506760   10844.978851    9435.386914    7871.801813    7274.090365    4501.606800    4224.712455    3977.645497    3930.355480    3070.028352    2754.950346    2496.215522    2026.940458     595.359416     183.500443      11.662526

     164.735069    2047.621998    2118.272958    4758.512772    5097.343486    8080.167302    8538.249763    9069.634449   12370.513443   12511.389782   12758.201209   13706.448988   15430.296518   16068.283670   16298.856563   17985.787255   18053.676717   18095.130924   18643.719596   18764.426130   19396.326426   19802.081576   20886.416669   22953.348430   23244.082797   23337.099368   23627.933226   24580.492904   24779.172918   24957.111423   25061.951292   25812.411908   26087.717856   26758.004669   27731.701804   28688.030641   28705.962767   28727.510453   29048.246651   31010.986938   31205.553087

   31550.993896   30063.232154   27606.413923   25337.086886   25086.186621   23924.387463   23923.867092   22903.978668   22298.108524   22118.326823   20893.511490   19029.898953   18618.235420   18086.333171   17453.275155   16713.670034   16168.371075   15582.119510   14366.522660   13907.578051   13889.535478    9826.405347    8222.082369    7532.963897    7379.978088    6344.434492    5752.679037    5122.867397    4710.940245    3422.651296    2620.175604    2280.976867     164.181310

    1763.638325    1994.101016    2176.798486    2203.640461    3052.091006    3188.673635    3249.501633    3431.291665    3434.365581    3581.816309    3676.610370    3811.470168    3814.403119    3877.457350    4198.042634    4313.605884    6671.487197    6780.247810    6992.695486    7162.112156    7292.707999    7503.662221    7517.159001    8044.205359    8194.435987    8371.827204    9100.491440    9365.922544    9507.988739    9564.600879    9992.828822   10247.572527   10531.056001   10906.076968   11281.658559   11479.422285   11874.817225   12285.698447   12462.947356   12688.581469   12744.187994   12921.263802   13360.137700   13927.843989   13998.931333   14151.305399   14490.459700   14771.959136   15059.844111   15399.791986   15866.155400   15901.162877   16800.918058   17289.453597   17626.106021   17804.344401   19076.998718   19454.331767   19466.636586   20037.961241   20168.895810   20954.844020   21391.225867   22709.907743   23662.169195   24034.087893   24203.680227   24394.784600   24989.049318   25074.431715   25264.965484   25524.586444   26647.913907   26659.437635   27688.793298   27947.094821   28129.449721   28703.428785   29517.987426   29549.261025   29881.714164   29895.857234   30808.569109   30825.569933   30929.341288   31183.766106   31595.594989   32014.660268

   32343.624836   31737.254830   31422.324229   31386.428358   31349.163823   31349.074984   31215.298471   30987.160619   29736.171361   28809.929960   28551.111393   27766.317972   26988.873714   26928.930204   25758.286325   25733.305002   24984.292306   24359.809626   22756.679434   22679.567156   22580.271187   21721.300211   21409.932585   19792.985748   19523.224708   19361.140660   19270.195044   18691.886135   18546.137211   18378.932188   17523.523331   17256.411969   16291.180303   14746.344829   13971.658803   13186.177129   11019.849849   10773.362316    9588.011628    8839.712241    8690.381970    8629.474746    7424.545488    6099.196326    5178.856990    5058.479507    3199.826716    1596.107303

    1638.487350    1837.618946    2450.480453    2533.163793    2637.469527    3077.611682    3293.285134    3718.909146    3820.240242    5630.304971    6097.606281    6138.731437    6204.045320    6755.268075    6773.504410    6865.667409    7180.627918    8667.083010    9871.284524   10126.027680   11052.438704   12032.679556   12452.086856   13013.601611   13699.230781   14547.642201   14692.057344   15535.121433   15917.080630   16103.002899   16164.467452   17467.434309   18202.949950   18535.743339   18591.059664   19275.244270   19284.110111   19376.970244   19450.911039   20763.871639   20811.441115   21050.690054   21212.915250   22083.544328   22901.528184   23200.348308   24049.941893   24069.097354   24326.245155   25230.349895   26693.804193   27640.747185   28273.564684   28490.998535   28554.479324   29679.696188   30455.021546   31378.945158   31396.247291   31607.463881   32104.439833   32110.850215

   31981.649861   31709.562578   31612.877560   30923.212104   30911.968017   29988.608020   29519.897183   29276.212073   28603.520768   27745.550005   25389.566301   24246.094424   24054.992157   23691.064394   23680.088717   21727.677725   21659.867000   20394.793512   19150.454695   18324.449660   17831.691794   16839.331553   16732.615040   15953.668935   14007.240883   13464.007080   13377.434309   13359.924009   13014.235633   12667.422437   12396.843928   11474.255074    8580.535691    8264.921567    7999.317179    7555.118412    7007.134495    6958.076052    5954.377361    5719.981079    5588.139500    4734.499771    3784.365612    3777.507431    2972.612415    2167.148473    1452.551775    1167.652882     793.211585     448.143651

     359.602069     561.474899     808.147984    1271.657186    1892.491470    2419.790826    2856.318064    2869.790399    3268.988952    4072.614277    4649.531541    4962.107974    5180.561296    5494.525193    6600.001556    7426.255531    7717.161565    8543.472701    8576.840693    9701.727409   10193.410627   10675.741813   11143.577380   11501.103854   11506.920835   11518.370342   11861.864101   12172.856868   12548.490524   13429.059359   13968.692648   14315.906674   14471.691671   14502.042604   15196.324015   15223.392956   15237.384320   15274.537187   15316.882168   15379.070681   15481.153569   15519.330454   15824.787225   16079.406964   17281.399915   17673.007538   18460.544816   18846.542131   19089.265267   19365.700613   19441.565538   19652.632344   20023.558092   21161.556444   21563.811762   22601.469100   22726.144353   23047.685049   23072.906919   23436.680013   23547.487533   23584.334391   23747.997101   24064.817988   25171.465773   25315.857234   25595.622883   26101.220130   26726.684072   26856.472793   26921.964324   26942.413465   27416.005188   27671.874569   28115.867458   28144.629200   28532.928068   28932.770684   29344.336863   29635.573778   29649.733787   29762.961272   30514.166021   30633.649617   30792.951262   30909.313395   31452.956938   32082.028199   32430.104190   32615.998932

